
 Shear/q and Bending Moment/q vs Y
  Configuration: brick                                                       
  Mach  =    0.000
  alpha =    0.000    CLtot =    0.301
  beta  =    0.000

  Sref  =     0.51620
  Bref  =     1.90100
   
 Surface:   1  
WING                                    
     2Ymin/Bref =    0.00000000    
     2Ymax/Bref =    1.00000000    
   2Y/Bref      Vz/(q*Sref)      Mx/(q*Bref*Sref)
    0.0000  0.159793         0.361248E-01
    0.0267  0.154899         0.340303E-01
    0.0799  0.145116         0.300365E-01
    0.1330  0.135390         0.263178E-01
    0.1857  0.125755         0.228796E-01
    0.2378  0.116250         0.197241E-01
    0.2894  0.106911         0.168507E-01
    0.3401  0.977735E-01     0.142558E-01
    0.3899  0.888734E-01     0.119330E-01
    0.4386  0.802454E-01     0.987353E-02
    0.4861  0.719234E-01     0.806619E-02
    0.5323  0.639402E-01     0.649775E-02
    0.5771  0.563271E-01     0.515321E-02
    0.6191  0.492936E-01     0.404273E-02
    0.6585  0.428493E-01     0.313698E-02
    0.6961  0.368279E-01     0.238803E-02
    0.7319  0.312494E-01     0.177915E-02
    0.7657  0.261311E-01     0.129351E-02
    0.7976  0.214866E-01     0.914470E-03
    0.8273  0.173258E-01     0.625912E-03
    0.8549  0.136537E-01     0.412496E-03
    0.8802  0.104702E-01     0.259929E-03
    0.9032  0.776870E-02     0.155195E-03
    0.9238  0.553580E-02     0.867479E-04
    0.9419  0.375016E-02     0.446559E-04
    0.9580  0.234800E-02     0.202047E-04
    0.9718  0.130854E-02     0.756163E-05
    0.9829  0.622776E-03     0.219726E-05
    0.9913  0.227272E-03     0.420773E-06
    0.9969  0.481540E-04     0.361579E-07
    0.9997  0.284833E-05     0.498225E-09
    1.0000   0.00000          0.00000    
   
 Surface:   2  
WING (YDUP)                             
     2Ymin/Bref =   -1.00000000    
     2Ymax/Bref =    0.00000000    
   2Y/Bref      Vz/(q*Sref)      Mx/(q*Bref*Sref)
    0.0000  0.159793        -0.361248E-01
   -0.0267  0.154899        -0.340303E-01
   -0.0799  0.145116        -0.300365E-01
   -0.1330  0.135390        -0.263178E-01
   -0.1857  0.125755        -0.228796E-01
   -0.2378  0.116250        -0.197241E-01
   -0.2894  0.106911        -0.168507E-01
   -0.3401  0.977735E-01    -0.142558E-01
   -0.3899  0.888734E-01    -0.119330E-01
   -0.4386  0.802454E-01    -0.987353E-02
   -0.4861  0.719234E-01    -0.806619E-02
   -0.5323  0.639402E-01    -0.649775E-02
   -0.5771  0.563271E-01    -0.515321E-02
   -0.6191  0.492936E-01    -0.404273E-02
   -0.6585  0.428493E-01    -0.313698E-02
   -0.6961  0.368279E-01    -0.238803E-02
   -0.7319  0.312494E-01    -0.177915E-02
   -0.7657  0.261311E-01    -0.129351E-02
   -0.7976  0.214866E-01    -0.914470E-03
   -0.8273  0.173258E-01    -0.625912E-03
   -0.8549  0.136537E-01    -0.412496E-03
   -0.8802  0.104702E-01    -0.259929E-03
   -0.9032  0.776870E-02    -0.155195E-03
   -0.9238  0.553580E-02    -0.867479E-04
   -0.9419  0.375016E-02    -0.446559E-04
   -0.9580  0.234800E-02    -0.202047E-04
   -0.9718  0.130854E-02    -0.756163E-05
   -0.9829  0.622776E-03    -0.219726E-05
   -0.9913  0.227272E-03    -0.420773E-06
   -0.9969  0.481540E-04    -0.361579E-07
   -0.9997  0.284833E-05    -0.498225E-09
   -1.0000   0.00000         -0.00000    
   
 Surface:   3  
WING2                                   
     2Ymin/Bref =    0.00000000    
     2Ymax/Bref =   0.352340847    
   2Y/Bref      Vz/(q*Sref)      Mx/(q*Bref*Sref)
    0.0000 -0.937195E-02    -0.727430E-03
    0.0092 -0.907940E-02    -0.684958E-03
    0.0276 -0.849471E-02    -0.604052E-03
    0.0460 -0.791366E-02    -0.528823E-03
    0.0642 -0.733868E-02    -0.459375E-03
    0.0823 -0.677216E-02    -0.395745E-03
    0.1001 -0.621649E-02    -0.337908E-03
    0.1176 -0.567401E-02    -0.285775E-03
    0.1348 -0.514702E-02    -0.239203E-03
    0.1517 -0.463775E-02    -0.197995E-03
    0.1681 -0.414837E-02    -0.161905E-03
    0.1841 -0.368094E-02    -0.130648E-03
    0.1996 -0.323741E-02    -0.103899E-03
    0.2145 -0.281957E-02    -0.813094E-04
    0.2288 -0.242904E-02    -0.625054E-04
    0.2425 -0.206721E-02    -0.471017E-04
    0.2556 -0.173524E-02    -0.347065E-04
    0.2679 -0.143400E-02    -0.249303E-04
    0.2795 -0.116402E-02    -0.173930E-04
    0.2904 -0.925458E-03    -0.117311E-04
    0.3004 -0.718086E-03    -0.760452E-05
    0.3096 -0.541250E-03    -0.470174E-05
    0.3180 -0.393850E-03    -0.274466E-05
    0.3255 -0.274332E-03    -0.149177E-05
    0.3321 -0.180692E-03    -0.740033E-06
    0.3378 -0.110495E-03    -0.325216E-06
    0.3426 -0.609000E-04    -0.120714E-06
    0.3464 -0.287058E-04    -0.348289E-07
    0.3493 -0.103941E-04    -0.663136E-08
    0.3513 -0.219009E-05    -0.567348E-09
    0.3522 -0.129133E-06    -0.779462E-11
    0.3523   0.00000          0.00000    
   
 Surface:   4  
WING2 (YDUP)                            
     2Ymin/Bref =  -0.352340847    
     2Ymax/Bref =    0.00000000    
   2Y/Bref      Vz/(q*Sref)      Mx/(q*Bref*Sref)
    0.0000 -0.937195E-02     0.727430E-03
   -0.0092 -0.907939E-02     0.684957E-03
   -0.0276 -0.849470E-02     0.604051E-03
   -0.0460 -0.791365E-02     0.528823E-03
   -0.0642 -0.733867E-02     0.459375E-03
   -0.0823 -0.677216E-02     0.395745E-03
   -0.1001 -0.621648E-02     0.337907E-03
   -0.1176 -0.567401E-02     0.285775E-03
   -0.1348 -0.514701E-02     0.239203E-03
   -0.1517 -0.463774E-02     0.197995E-03
   -0.1681 -0.414837E-02     0.161905E-03
   -0.1841 -0.368094E-02     0.130648E-03
   -0.1996 -0.323741E-02     0.103899E-03
   -0.2145 -0.281956E-02     0.813093E-04
   -0.2288 -0.242903E-02     0.625054E-04
   -0.2425 -0.206721E-02     0.471016E-04
   -0.2556 -0.173524E-02     0.347065E-04
   -0.2679 -0.143400E-02     0.249303E-04
   -0.2795 -0.116402E-02     0.173930E-04
   -0.2904 -0.925457E-03     0.117311E-04
   -0.3004 -0.718086E-03     0.760451E-05
   -0.3096 -0.541250E-03     0.470173E-05
   -0.3180 -0.393850E-03     0.274466E-05
   -0.3255 -0.274332E-03     0.149177E-05
   -0.3321 -0.180692E-03     0.740033E-06
   -0.3378 -0.110495E-03     0.325216E-06
   -0.3426 -0.609000E-04     0.120714E-06
   -0.3464 -0.287058E-04     0.348288E-07
   -0.3493 -0.103940E-04     0.663136E-08
   -0.3513 -0.219008E-05     0.567347E-09
   -0.3522 -0.129133E-06     0.779462E-11
   -0.3523   0.00000         -0.00000    
   
 Surface:   5  
WING3                                   
     2Ymin/Bref =    0.00000000    
     2Ymax/Bref =    0.00000000    
   2Y/Bref      Vz/(q*Sref)      Mx/(q*Bref*Sref)
    0.0000  0.419292E-07     0.245050E-08
    0.0000  0.419150E-07     0.243696E-08
    0.0000  0.418622E-07     0.240991E-08
    0.0000  0.416717E-07     0.235627E-08
    0.0000  0.412889E-07     0.227708E-08
    0.0000  0.406764E-07     0.217410E-08
    0.0000  0.398096E-07     0.204980E-08
    0.0000  0.386761E-07     0.190730E-08
    0.0000  0.372750E-07     0.175032E-08
    0.0000  0.356161E-07     0.158301E-08
    0.0000  0.337185E-07     0.140974E-08
    0.0000  0.316093E-07     0.123499E-08
    0.0000  0.293218E-07     0.106306E-08
    0.0000  0.268936E-07     0.897914E-09
    0.0000  0.243667E-07     0.743040E-09
    0.0000  0.217856E-07     0.601264E-09
    0.0000  0.191957E-07     0.474679E-09
    0.0000  0.166421E-07     0.364588E-09
    0.0000  0.141685E-07     0.271498E-09
    0.0000  0.118158E-07     0.195165E-09
    0.0000  0.962071E-08     0.134676E-09
    0.0000  0.761608E-08     0.885670E-10
    0.0000  0.582893E-08     0.549689E-10
    0.0000  0.427905E-08     0.317665E-10
    0.0000  0.297859E-08     0.167661E-10
    0.0000  0.193230E-08     0.785003E-11
    0.0000  0.113599E-08     0.311130E-11
    0.0000  0.575391E-09     0.961211E-12
    0.0000  0.225885E-09     0.196391E-12
    0.0000  0.518041E-10     0.180570E-13
    0.0000  0.329599E-11     0.266775E-15
    0.0000   0.00000          0.00000    
