 ---------------------------------------------------------------
 Surface and Strip Forces by surface

  Forces referred to Sref, Cref, Bref about Xref, Yref, Zref
 Standard axis orientation,  X fwd, Z down         

  Surface # 1     WING                                    
     # Chordwise = 18   # Spanwise = 30     First strip =  1
     Surface area =    0.258156       Ave. chord =    0.271600
     CLsurf  =   0.15991     Clsurf  =  -0.03619
     CYsurf  =   0.00000     Cmsurf  =  -0.03260
     CDsurf  =   0.00248     Cnsurf  =   0.00065
     CDisurf =   0.00248     CDvsurf =   0.00000

  Forces referred to Ssurf, Cave about hinge axis thru LE
     CLsurf  =   0.31975     CDsurf  =   0.00495
     Deflect =

 Strip Forces referred to Strip Area, Chord
    j      Yle    Chord     Area     c cl      ai      cl_norm  cl       cd       cdv    cm_c/4    cm_LE  C.P.x/c
     1   0.0240   0.2716   0.0130   0.0998   0.0114   0.3675   0.3675   0.0042   0.0000  -0.0920  -0.1839    0.500
     2   0.0718   0.2716   0.0130   0.0997   0.0113   0.3672   0.3672   0.0042   0.0000  -0.0920  -0.1838    0.500
     3   0.1195   0.2716   0.0129   0.0995   0.0113   0.3665   0.3665   0.0042   0.0000  -0.0919  -0.1836    0.501
     4   0.1668   0.2716   0.0128   0.0993   0.0114   0.3654   0.3654   0.0043   0.0000  -0.0919  -0.1833    0.501
     5   0.2136   0.2716   0.0127   0.0989   0.0120   0.3640   0.3640   0.0043   0.0000  -0.0919  -0.1829    0.502
     6   0.2599   0.2716   0.0125   0.0984   0.0143   0.3622   0.3622   0.0044   0.0000  -0.0918  -0.1823    0.503
     7   0.3055   0.2716   0.0123   0.0978   0.0214   0.3600   0.3600   0.0045   0.0000  -0.0917  -0.1817    0.505
     8   0.3502   0.2716   0.0120   0.0970   0.0319   0.3573   0.3573   0.0046   0.0000  -0.0916  -0.1809    0.506
     9   0.3940   0.2716   0.0117   0.0962   0.0334   0.3542   0.3542   0.0047   0.0000  -0.0914  -0.1800    0.508
    10   0.4367   0.2716   0.0114   0.0952   0.0325   0.3505   0.3505   0.0048   0.0000  -0.0913  -0.1789    0.510
    11   0.4798   0.2716   0.0120   0.0940   0.0321   0.3461   0.3461   0.0049   0.0000  -0.0910  -0.1776    0.513
    12   0.5232   0.2716   0.0116   0.0926   0.0323   0.3410   0.3410   0.0051   0.0000  -0.0908  -0.1760    0.516
    13   0.5650   0.2716   0.0111   0.0910   0.0331   0.3350   0.3350   0.0053   0.0000  -0.0904  -0.1742    0.520
    14   0.6052   0.2716   0.0107   0.0891   0.0343   0.3282   0.3282   0.0054   0.0000  -0.0900  -0.1720    0.524
    15   0.6436   0.2716   0.0102   0.0870   0.0359   0.3204   0.3204   0.0056   0.0000  -0.0894  -0.1695    0.529
    16   0.6801   0.2716   0.0097   0.0846   0.0378   0.3116   0.3116   0.0058   0.0000  -0.0886  -0.1665    0.534
    17   0.7147   0.2716   0.0091   0.0819   0.0401   0.3016   0.3016   0.0059   0.0000  -0.0877  -0.1631    0.541
    18   0.7473   0.2716   0.0085   0.0789   0.0428   0.2904   0.2904   0.0061   0.0000  -0.0865  -0.1590    0.548
    19   0.7777   0.2716   0.0080   0.0754   0.0458   0.2777   0.2777   0.0062   0.0000  -0.0848  -0.1543    0.556
    20   0.8058   0.2716   0.0073   0.0716   0.0492   0.2634   0.2634   0.0062   0.0000  -0.0828  -0.1486    0.564
    21   0.8317   0.2716   0.0067   0.0672   0.0530   0.2475   0.2475   0.0061   0.0000  -0.0800  -0.1419    0.573
    22   0.8551   0.2716   0.0060   0.0624   0.0572   0.2296   0.2296   0.0060   0.0000  -0.0766  -0.1340    0.583
    23   0.8762   0.2716   0.0054   0.0570   0.0617   0.2098   0.2098   0.0057   0.0000  -0.0722  -0.1246    0.594
    24   0.8947   0.2716   0.0047   0.0510   0.0664   0.1878   0.1878   0.0053   0.0000  -0.0667  -0.1136    0.605
    25   0.9105   0.2716   0.0039   0.0445   0.0714   0.1637   0.1637   0.0048   0.0000  -0.0599  -0.1009    0.616
    26   0.9237   0.2716   0.0032   0.0374   0.0763   0.1377   0.1377   0.0042   0.0000  -0.0519  -0.0864    0.627
    27   0.9342   0.2716   0.0025   0.0298   0.0811   0.1097   0.1097   0.0035   0.0000  -0.0425  -0.0700    0.638
    28   0.9422   0.2716   0.0018   0.0217   0.0855   0.0799   0.0799   0.0028   0.0000  -0.0318  -0.0517    0.648
    29   0.9475   0.2716   0.0011   0.0132   0.0889   0.0486   0.0486   0.0022   0.0000  -0.0197  -0.0319    0.656
    30   0.9502   0.2716   0.0004   0.0044   0.0906   0.0163   0.0163   0.0010   0.0000  -0.0067  -0.0108    0.661

  Surface # 2     WING (YDUP)                             
     # Chordwise = 18   # Spanwise = 30     First strip = 31
     Surface area =    0.258156       Ave. chord =    0.271600
     CLsurf  =   0.15991     Clsurf  =   0.03619
     CYsurf  =   0.00000     Cmsurf  =  -0.03260
     CDsurf  =   0.00248     Cnsurf  =  -0.00065
     CDisurf =   0.00248     CDvsurf =   0.00000

  Forces referred to Ssurf, Cave about hinge axis thru LE
     CLsurf  =   0.31975     CDsurf  =   0.00495
     Deflect =

 Strip Forces referred to Strip Area, Chord
    j      Yle    Chord     Area     c cl      ai      cl_norm  cl       cd       cdv    cm_c/4    cm_LE  C.P.x/c
    31  -0.0240   0.2716   0.0130   0.0998   0.0114   0.3675   0.3675   0.0042   0.0000  -0.0920   0.1839    0.500
    32  -0.0718   0.2716   0.0130   0.0997   0.0113   0.3672   0.3672   0.0042   0.0000  -0.0920   0.1838    0.500
    33  -0.1195   0.2716   0.0129   0.0995   0.0113   0.3665   0.3665   0.0042   0.0000  -0.0919   0.1836    0.501
    34  -0.1668   0.2716   0.0128   0.0993   0.0114   0.3654   0.3654   0.0043   0.0000  -0.0919   0.1833    0.501
    35  -0.2136   0.2716   0.0127   0.0989   0.0120   0.3640   0.3640   0.0043   0.0000  -0.0919   0.1829    0.502
    36  -0.2599   0.2716   0.0125   0.0984   0.0143   0.3622   0.3622   0.0044   0.0000  -0.0918   0.1823    0.503
    37  -0.3055   0.2716   0.0123   0.0978   0.0214   0.3600   0.3600   0.0045   0.0000  -0.0917   0.1817    0.505
    38  -0.3502   0.2716   0.0120   0.0970   0.0319   0.3573   0.3573   0.0046   0.0000  -0.0916   0.1809    0.506
    39  -0.3940   0.2716   0.0117   0.0962   0.0334   0.3542   0.3542   0.0047   0.0000  -0.0914   0.1800    0.508
    40  -0.4367   0.2716   0.0114   0.0952   0.0325   0.3505   0.3505   0.0048   0.0000  -0.0913   0.1789    0.510
    41  -0.4798   0.2716   0.0120   0.0940   0.0321   0.3461   0.3461   0.0049   0.0000  -0.0910   0.1776    0.513
    42  -0.5232   0.2716   0.0116   0.0926   0.0323   0.3410   0.3410   0.0051   0.0000  -0.0908   0.1760    0.516
    43  -0.5650   0.2716   0.0111   0.0910   0.0331   0.3350   0.3350   0.0053   0.0000  -0.0904   0.1742    0.520
    44  -0.6052   0.2716   0.0107   0.0891   0.0343   0.3282   0.3282   0.0054   0.0000  -0.0900   0.1720    0.524
    45  -0.6436   0.2716   0.0102   0.0870   0.0359   0.3204   0.3204   0.0056   0.0000  -0.0894   0.1695    0.529
    46  -0.6801   0.2716   0.0097   0.0846   0.0378   0.3116   0.3116   0.0058   0.0000  -0.0886   0.1665    0.534
    47  -0.7147   0.2716   0.0091   0.0819   0.0401   0.3016   0.3016   0.0059   0.0000  -0.0877   0.1631    0.541
    48  -0.7473   0.2716   0.0085   0.0789   0.0428   0.2904   0.2904   0.0061   0.0000  -0.0865   0.1590    0.548
    49  -0.7777   0.2716   0.0080   0.0754   0.0458   0.2777   0.2777   0.0062   0.0000  -0.0848   0.1543    0.556
    50  -0.8058   0.2716   0.0073   0.0716   0.0492   0.2634   0.2634   0.0062   0.0000  -0.0828   0.1486    0.564
    51  -0.8317   0.2716   0.0067   0.0672   0.0530   0.2475   0.2475   0.0061   0.0000  -0.0800   0.1419    0.573
    52  -0.8551   0.2716   0.0060   0.0624   0.0572   0.2296   0.2296   0.0060   0.0000  -0.0766   0.1340    0.583
    53  -0.8762   0.2716   0.0054   0.0570   0.0617   0.2098   0.2098   0.0057   0.0000  -0.0722   0.1246    0.594
    54  -0.8947   0.2716   0.0047   0.0510   0.0664   0.1878   0.1878   0.0053   0.0000  -0.0667   0.1136    0.605
    55  -0.9105   0.2716   0.0039   0.0445   0.0714   0.1637   0.1637   0.0048   0.0000  -0.0599   0.1009    0.616
    56  -0.9237   0.2716   0.0032   0.0374   0.0763   0.1377   0.1377   0.0042   0.0000  -0.0519   0.0864    0.627
    57  -0.9342   0.2716   0.0025   0.0298   0.0811   0.1097   0.1097   0.0035   0.0000  -0.0425   0.0700    0.638
    58  -0.9422   0.2716   0.0018   0.0217   0.0855   0.0799   0.0799   0.0028   0.0000  -0.0318   0.0517    0.648
    59  -0.9475   0.2716   0.0011   0.0132   0.0889   0.0486   0.0486   0.0022   0.0000  -0.0197   0.0319    0.656
    60  -0.9502   0.2716   0.0004   0.0044   0.0906   0.0163   0.0163   0.0010   0.0000  -0.0067   0.0108    0.661

  Surface # 3     WING2                                   
     # Chordwise = 18   # Spanwise = 30     First strip = 61
     Surface area =    0.048058       Ave. chord =    0.143500
     CLsurf  =  -0.00938     Clsurf  =   0.00073
     CYsurf  =   0.00000     Cmsurf  =   0.02508
     CDsurf  =  -0.00019     Cnsurf  =  -0.00001
     CDisurf =  -0.00019     CDvsurf =   0.00000

  Forces referred to Ssurf, Cave about hinge axis thru LE
     CLsurf  =  -0.10074     CDsurf  =  -0.00201
     Deflect =

 Strip Forces referred to Strip Area, Chord
    j      Yle    Chord     Area     c cl      ai      cl_norm  cl       cd       cdv    cm_c/4    cm_LE  C.P.x/c
    61   0.0088   0.1435   0.0025  -0.0173   0.0096  -0.1203  -0.1203  -0.0025   0.0000  -0.0014   0.0287    0.239
    62   0.0263   0.1435   0.0025  -0.0172   0.0096  -0.1201  -0.1201  -0.0025   0.0000  -0.0014   0.0286    0.238
    63   0.0437   0.1435   0.0025  -0.0172   0.0095  -0.1197  -0.1197  -0.0025   0.0000  -0.0014   0.0285    0.238
    64   0.0610   0.1435   0.0025  -0.0171   0.0094  -0.1192  -0.1192  -0.0025   0.0000  -0.0014   0.0284    0.238
    65   0.0782   0.1435   0.0024  -0.0170   0.0092  -0.1185  -0.1185  -0.0025   0.0000  -0.0015   0.0282    0.238
    66   0.0951   0.1435   0.0024  -0.0169   0.0091  -0.1176  -0.1176  -0.0024   0.0000  -0.0015   0.0279    0.237
    67   0.1118   0.1435   0.0024  -0.0167   0.0088  -0.1165  -0.1165  -0.0024   0.0000  -0.0016   0.0275    0.236
    68   0.1282   0.1435   0.0023  -0.0165   0.0086  -0.1152  -0.1152  -0.0024   0.0000  -0.0017   0.0271    0.236
    69   0.1442   0.1435   0.0023  -0.0163   0.0083  -0.1136  -0.1136  -0.0023   0.0000  -0.0018   0.0267    0.235
    70   0.1598   0.1435   0.0022  -0.0160   0.0080  -0.1118  -0.1118  -0.0023   0.0000  -0.0019   0.0261    0.233
    71   0.1750   0.1435   0.0021  -0.0157   0.0076  -0.1097  -0.1097  -0.0022   0.0000  -0.0020   0.0255    0.232
    72   0.1897   0.1435   0.0021  -0.0154   0.0072  -0.1074  -0.1074  -0.0021   0.0000  -0.0021   0.0247    0.230
    73   0.2039   0.1435   0.0020  -0.0150   0.0068  -0.1047  -0.1047  -0.0021   0.0000  -0.0022   0.0239    0.229
    74   0.2175   0.1435   0.0019  -0.0146   0.0063  -0.1016  -0.1016  -0.0020   0.0000  -0.0024   0.0230    0.226
    75   0.2305   0.1435   0.0018  -0.0141   0.0058  -0.0982  -0.0982  -0.0019   0.0000  -0.0026   0.0220    0.224
    76   0.2429   0.1435   0.0017  -0.0136   0.0053  -0.0945  -0.0945  -0.0018   0.0000  -0.0027   0.0209    0.221
    77   0.2547   0.1435   0.0016  -0.0130   0.0048  -0.0903  -0.0903  -0.0017   0.0000  -0.0029   0.0197    0.218
    78   0.2657   0.1435   0.0015  -0.0123   0.0043  -0.0858  -0.0858  -0.0016   0.0000  -0.0031   0.0184    0.214
    79   0.2760   0.1435   0.0014  -0.0116   0.0038  -0.0808  -0.0808  -0.0015   0.0000  -0.0032   0.0170    0.210
    80   0.2855   0.1435   0.0013  -0.0108   0.0033  -0.0755  -0.0755  -0.0014   0.0000  -0.0033   0.0155    0.206
    81   0.2943   0.1435   0.0012  -0.0100   0.0029  -0.0697  -0.0697  -0.0012   0.0000  -0.0034   0.0140    0.201
    82   0.3023   0.1435   0.0011  -0.0091   0.0024  -0.0636  -0.0636  -0.0011   0.0000  -0.0034   0.0125    0.196
    83   0.3094   0.1435   0.0010  -0.0082   0.0020  -0.0571  -0.0571  -0.0010   0.0000  -0.0034   0.0109    0.191
    84   0.3157   0.1435   0.0008  -0.0072   0.0016  -0.0502  -0.0502  -0.0008   0.0000  -0.0032   0.0093    0.186
    85   0.3211   0.1435   0.0007  -0.0062   0.0013  -0.0430  -0.0430  -0.0007   0.0000  -0.0030   0.0078    0.181
    86   0.3256   0.1435   0.0006  -0.0051   0.0010  -0.0356  -0.0356  -0.0005   0.0000  -0.0026   0.0063    0.176
    87   0.3293   0.1435   0.0005  -0.0040   0.0008  -0.0279  -0.0279  -0.0004   0.0000  -0.0022   0.0048    0.171
    88   0.3320   0.1435   0.0003  -0.0029   0.0006  -0.0201  -0.0201  -0.0003   0.0000  -0.0017   0.0034    0.167
    89   0.3339   0.1435   0.0002  -0.0017   0.0005  -0.0121  -0.0121  -0.0001   0.0000  -0.0010   0.0020    0.165
    90   0.3348   0.1435   0.0001  -0.0006   0.0004  -0.0040  -0.0040  -0.0000   0.0000  -0.0004   0.0007    0.163

  Surface # 4     WING2 (YDUP)                            
     # Chordwise = 18   # Spanwise = 30     First strip = 91
     Surface area =    0.048058       Ave. chord =    0.143500
     CLsurf  =  -0.00938     Clsurf  =  -0.00073
     CYsurf  =   0.00000     Cmsurf  =   0.02508
     CDsurf  =  -0.00019     Cnsurf  =   0.00001
     CDisurf =  -0.00019     CDvsurf =   0.00000

  Forces referred to Ssurf, Cave about hinge axis thru LE
     CLsurf  =  -0.10074     CDsurf  =  -0.00201
     Deflect =

 Strip Forces referred to Strip Area, Chord
    j      Yle    Chord     Area     c cl      ai      cl_norm  cl       cd       cdv    cm_c/4    cm_LE  C.P.x/c
    91  -0.0088   0.1435   0.0025  -0.0173   0.0096  -0.1203  -0.1203  -0.0025   0.0000  -0.0014  -0.0287    0.239
    92  -0.0263   0.1435   0.0025  -0.0172   0.0096  -0.1201  -0.1201  -0.0025   0.0000  -0.0014  -0.0286    0.238
    93  -0.0437   0.1435   0.0025  -0.0172   0.0095  -0.1197  -0.1197  -0.0025   0.0000  -0.0014  -0.0285    0.238
    94  -0.0610   0.1435   0.0025  -0.0171   0.0094  -0.1192  -0.1192  -0.0025   0.0000  -0.0014  -0.0284    0.238
    95  -0.0782   0.1435   0.0024  -0.0170   0.0092  -0.1185  -0.1185  -0.0025   0.0000  -0.0015  -0.0282    0.238
    96  -0.0951   0.1435   0.0024  -0.0169   0.0091  -0.1176  -0.1176  -0.0024   0.0000  -0.0015  -0.0279    0.237
    97  -0.1118   0.1435   0.0024  -0.0167   0.0088  -0.1165  -0.1165  -0.0024   0.0000  -0.0016  -0.0275    0.236
    98  -0.1282   0.1435   0.0023  -0.0165   0.0086  -0.1152  -0.1152  -0.0024   0.0000  -0.0017  -0.0271    0.236
    99  -0.1442   0.1435   0.0023  -0.0163   0.0083  -0.1136  -0.1136  -0.0023   0.0000  -0.0018  -0.0267    0.235
   100  -0.1598   0.1435   0.0022  -0.0160   0.0080  -0.1118  -0.1118  -0.0023   0.0000  -0.0019  -0.0261    0.233
   101  -0.1750   0.1435   0.0021  -0.0157   0.0076  -0.1097  -0.1097  -0.0022   0.0000  -0.0020  -0.0255    0.232
   102  -0.1897   0.1435   0.0021  -0.0154   0.0072  -0.1074  -0.1074  -0.0021   0.0000  -0.0021  -0.0247    0.230
   103  -0.2039   0.1435   0.0020  -0.0150   0.0068  -0.1047  -0.1047  -0.0021   0.0000  -0.0022  -0.0239    0.229
   104  -0.2175   0.1435   0.0019  -0.0146   0.0063  -0.1016  -0.1016  -0.0020   0.0000  -0.0024  -0.0230    0.226
   105  -0.2305   0.1435   0.0018  -0.0141   0.0058  -0.0982  -0.0982  -0.0019   0.0000  -0.0026  -0.0220    0.224
   106  -0.2429   0.1435   0.0017  -0.0136   0.0053  -0.0945  -0.0945  -0.0018   0.0000  -0.0027  -0.0209    0.221
   107  -0.2547   0.1435   0.0016  -0.0130   0.0048  -0.0903  -0.0903  -0.0017   0.0000  -0.0029  -0.0197    0.218
   108  -0.2657   0.1435   0.0015  -0.0123   0.0043  -0.0858  -0.0858  -0.0016   0.0000  -0.0031  -0.0184    0.214
   109  -0.2760   0.1435   0.0014  -0.0116   0.0038  -0.0808  -0.0808  -0.0015   0.0000  -0.0032  -0.0170    0.210
   110  -0.2855   0.1435   0.0013  -0.0108   0.0033  -0.0755  -0.0755  -0.0014   0.0000  -0.0033  -0.0155    0.206
   111  -0.2943   0.1435   0.0012  -0.0100   0.0029  -0.0697  -0.0697  -0.0012   0.0000  -0.0034  -0.0140    0.201
   112  -0.3023   0.1435   0.0011  -0.0091   0.0024  -0.0636  -0.0636  -0.0011   0.0000  -0.0034  -0.0125    0.196
   113  -0.3094   0.1435   0.0010  -0.0082   0.0020  -0.0571  -0.0571  -0.0010   0.0000  -0.0034  -0.0109    0.191
   114  -0.3157   0.1435   0.0008  -0.0072   0.0016  -0.0502  -0.0502  -0.0008   0.0000  -0.0032  -0.0093    0.186
   115  -0.3211   0.1435   0.0007  -0.0062   0.0013  -0.0430  -0.0430  -0.0007   0.0000  -0.0030  -0.0078    0.181
   116  -0.3256   0.1435   0.0006  -0.0051   0.0010  -0.0356  -0.0356  -0.0005   0.0000  -0.0026  -0.0063    0.176
   117  -0.3293   0.1435   0.0005  -0.0040   0.0008  -0.0279  -0.0279  -0.0004   0.0000  -0.0022  -0.0048    0.171
   118  -0.3320   0.1435   0.0003  -0.0029   0.0006  -0.0201  -0.0201  -0.0003   0.0000  -0.0017  -0.0034    0.167
   119  -0.3339   0.1435   0.0002  -0.0017   0.0005  -0.0121  -0.0121  -0.0001   0.0000  -0.0010  -0.0020    0.165
   120  -0.3348   0.1435   0.0001  -0.0006   0.0004  -0.0040  -0.0040  -0.0000   0.0000  -0.0004  -0.0007    0.163

  Surface # 5     WING3                                   
     # Chordwise = 18   # Spanwise = 30     First strip =121
     Surface area =    0.030290       Ave. chord =    0.134800
     CLsurf  =   0.00000     Clsurf  =  -0.00000
     CYsurf  =  -0.00000     Cmsurf  =   0.00000
     CDsurf  =   0.00000     Cnsurf  =   0.00000
     CDisurf =   0.00000     CDvsurf =   0.00000

  Forces referred to Ssurf, Cave about hinge axis thru LE
     CLsurf  =   0.00000     CDsurf  =   0.00000
     Deflect =

 Strip Forces referred to Strip Area, Chord
    j      Yle    Chord     Area     c cl      ai      cl_norm  cl       cd       cdv    cm_c/4    cm_LE  C.P.x/c
   121   0.0000   0.1498   0.0001   0.0000  -0.0000   0.0000   0.0000   0.0000   0.0000  -0.0000  -0.0000    0.859
   122   0.0000   0.1496   0.0003   0.0000   0.0000   0.0000   0.0000   0.0000   0.0000  -0.0000  -0.0000    0.845
   123   0.0000   0.1493   0.0005   0.0000   0.0000   0.0000   0.0000   0.0000   0.0000  -0.0000  -0.0000    0.825
   124   0.0000   0.1488   0.0006   0.0000   0.0000   0.0000   0.0000   0.0000   0.0000  -0.0000  -0.0000    0.805
   125   0.0000   0.1482   0.0008   0.0000   0.0000   0.0000   0.0000   0.0000   0.0000  -0.0000  -0.0000    0.787
   126   0.0000   0.1474   0.0009   0.0000   0.0000   0.0000   0.0000   0.0000   0.0000  -0.0000  -0.0000    0.771
   127   0.0000   0.1465   0.0011   0.0000   0.0000   0.0000   0.0000   0.0000   0.0000  -0.0000  -0.0000    0.755
   128   0.0000   0.1454   0.0012   0.0000   0.0000   0.0000   0.0000   0.0000   0.0000  -0.0000  -0.0000    0.741
   129   0.0000   0.1442   0.0013   0.0000   0.0000   0.0000   0.0000   0.0000   0.0000  -0.0000  -0.0000    0.728
   130   0.0000   0.1430   0.0014   0.0000   0.0000   0.0000   0.0000   0.0000   0.0000  -0.0000  -0.0000    0.716
   131   0.0000   0.1416   0.0015   0.0000   0.0000   0.0000   0.0000   0.0000   0.0000  -0.0000  -0.0000    0.706
   132   0.0000   0.1402   0.0015   0.0000   0.0000   0.0000   0.0000   0.0000   0.0000  -0.0000  -0.0000    0.698
   133   0.0000   0.1387   0.0016   0.0000   0.0000   0.0000   0.0000   0.0000   0.0000  -0.0000  -0.0000    0.691
   134   0.0000   0.1371   0.0016   0.0000   0.0000   0.0000   0.0000   0.0000   0.0000  -0.0000  -0.0000    0.686
   135   0.0000   0.1356   0.0016   0.0000   0.0000   0.0000   0.0000   0.0000   0.0000  -0.0000  -0.0000    0.682
   136   0.0000   0.1340   0.0016   0.0000   0.0000   0.0000   0.0000   0.0000   0.0000  -0.0000  -0.0000    0.680
   137   0.0000   0.1325   0.0015   0.0000   0.0000   0.0000   0.0000   0.0000   0.0000  -0.0000  -0.0000    0.679
   138   0.0000   0.1309   0.0015   0.0000   0.0000   0.0000   0.0000   0.0000   0.0000  -0.0000  -0.0000    0.681
   139   0.0000   0.1294   0.0014   0.0000   0.0000   0.0000   0.0000   0.0000   0.0000  -0.0000  -0.0000    0.683
   140   0.0000   0.1280   0.0013   0.0000   0.0000   0.0000   0.0000   0.0000   0.0000  -0.0000  -0.0000    0.688
   141   0.0000   0.1266   0.0012   0.0000   0.0000   0.0000   0.0000   0.0000   0.0000  -0.0000  -0.0000    0.694
   142   0.0000   0.1254   0.0011   0.0000   0.0000   0.0000   0.0000   0.0000   0.0000  -0.0000  -0.0000    0.703
   143   0.0000   0.1242   0.0010   0.0000   0.0000   0.0000   0.0000   0.0000   0.0000  -0.0000  -0.0000    0.713
   144   0.0000   0.1231   0.0009   0.0000   0.0000   0.0000   0.0000   0.0000   0.0000  -0.0000  -0.0000    0.725
   145   0.0000   0.1222   0.0008   0.0000   0.0000   0.0000   0.0000   0.0000   0.0000  -0.0000  -0.0000    0.739
   146   0.0000   0.1214   0.0006   0.0000   0.0000   0.0000   0.0000   0.0000   0.0000  -0.0000  -0.0000    0.755
   147   0.0000   0.1208   0.0005   0.0000   0.0000   0.0000   0.0000   0.0000   0.0000  -0.0000  -0.0000    0.774
   148   0.0000   0.1203   0.0004   0.0000   0.0000   0.0000   0.0000   0.0000   0.0000  -0.0000  -0.0000    0.795
   149   0.0000   0.1200   0.0002   0.0000   0.0000   0.0000   0.0000   0.0000   0.0000  -0.0000  -0.0000    0.818
   150   0.0000   0.1198   0.0001   0.0000   0.0000   0.0000   0.0000   0.0000   0.0000  -0.0000  -0.0000    0.837
 ---------------------------------------------------------------
